n1,n2,g,r11,r12,r21,prop_uncorrelated,h2,threshold,ld,k11,k12,k21,k22,ALG1,ALG2,ALG4,mash,metasoft,hteqtl
400,400,60,0.3,0.3,0.3,0,0.2,0.96,0,2,3,3,7,1.764,3.721,13.464,29.542,0.826999999999998,8.63799999999999
400,400,60,0.3,0.3,0.3,0,0.2,0.96,0,3,3,3,7,2.108,4.291,16.118,35.957,2.72800000000001,11.511
400,400,60,0.3,0.3,0.3,0,0.2,0.96,0,4,3,3,7,2.466,4.777,16.082,41.457,3.20099999999999,10.02
400,400,60,0.3,0.3,0.3,0,0.2,0.96,0,5,3,3,7,2.826,6.064,17.704,52.04,7.19999999999999,8.60499999999999
400,400,60,0.3,0.3,0.3,0,0.2,0.96,0,6,3,3,7,3.32,6.524,19.779,58.457,14.721,10.079
400,400,60,0.3,0.3,0.3,0,0.2,0.96,0,7,3,3,7,3.632,10.683,23.325,75.82,33.043,23.941
400,400,60,0.3,0.3,0.3,0,0.2,0.96,0,8,3,3,7,3.992,9.45600000000001,23.185,91.339,81.128,14.484
400,400,60,0.3,0.3,0.3,0,0.2,0.96,0,9,3,3,7,4.51600000000001,8.466,24.407,111.087,180.197,31.547
400,400,60,0.3,0.3,0.3,0,0.2,0.96,0,10,3,3,7,4.965,8.77,25.52,121.481,352.318,38.893
400,400,60,0.3,0.3,0.3,0,0.2,0.96,0,11,3,3,7,5.38,10.797,27.197,150.221,811.22,79.1690000000001
400,400,60,0.3,0.3,0.3,0,0.2,0.96,0,12,3,3,7,5.838,11.874,27.617,165.486,3450.794,153.509
400,400,60,0.3,0.3,0.3,0,0.2,0.96,0,14,3,3,7,6.756,10.324,30.387,215.295,6901.588,307.018
400,400,60,0.3,0.3,0.3,0,0.2,0.96,0,15,3,3,7,7.162,10.968,31.589,275.743,13803.176,614.036
400,400,60,0.3,0.3,0.3,0,0.2,0.96,0,16,3,3,7,7.664,11.693,33.121,273.967,27606.352,1228.072
400,400,60,0.3,0.3,0.3,0,0.2,0.96,0,17,3,3,7,8.216,12.581,34.705,292.284,55212.704,2456.144
400,400,60,0.3,0.3,0.3,0,0.2,0.96,0,18,3,3,7,8.694,13.301,36.189,342.892,110425.408,4912.288
400,400,60,0.3,0.3,0.3,0,0.2,0.96,0,19,3,3,7,9.22,14.096,37.863,387.41,220850.816,9824.576
400,400,60,0.3,0.3,0.3,0,0.2,0.96,0,20,3,3,7,9.784,14.96,39.452,491.357,441701.632,19649.152
400,400,60,0.3,0.3,0.3,0,0.2,0.96,0,21,3,3,7,10.368,15.705,41.068,476.528,883403.264,39298.304
400,400,60,0.3,0.3,0.3,0,0.2,0.96,0,22,3,3,7,10.942,16.686,42.401,514.909,1766806.528,78596.608
400,400,60,0.3,0.3,0.3,0,0.2,0.96,0,23,3,3,7,11.463,17.593,43.892,610.343,3533613.056,157193.216
400,400,60,0.3,0.3,0.3,0,0.2,0.96,0,24,3,3,7,12,18.373,45.473,689.045,7067226.112,314386.432
400,400,60,0.3,0.3,0.3,0,0.2,0.96,0,25,3,3,7,12.988,19.063,47.098,707.039,14134452.224,628772.864
400,400,60,0.3,0.3,0.3,0,0.2,0.96,0,26,3,3,7,13.107,19.733,48.733,859.89,28268904.448,1257545.728
400,400,60,0.3,0.3,0.3,0,0.2,0.96,0,27,3,3,7,13.811,20.764,50.505,867.783,56537808.896,2515091.456
400,400,60,0.3,0.3,0.3,0,0.2,0.96,0,28,3,3,7,14.335,21.495,52.267,1018.091,113075617.792,5030182.912
400,400,60,0.3,0.3,0.3,0,0.2,0.96,0,29,3,3,7,15.045,22.611,54.147,1084.9,226151235.584,10060365.824
400,400,60,0.3,0.3,0.3,0,0.2,0.96,0,30,3,3,7,15.501,23.297,55.731,1178.644,452302471.168,20120731.648
400,400,60,0.3,0.3,0.3,0,0.2,0.96,0,31,3,3,7,16.224,24.281,57.707,1279.262,904604942.336,40241463.296
400,400,60,0.3,0.3,0.3,0,0.2,0.96,0,32,3,3,7,16.899,25.471,59.937,1411.092,1809209884.672,80482926.592
400,400,60,0.3,0.3,0.3,0,0.2,0.96,0,33,3,3,7,17.593,26.283,61.658,1491.295,3618419769.344,160965853.184
400,400,60,0.3,0.3,0.3,0,0.2,0.96,0,34,3,3,7,18.283,27.388,63.803,1642.206,7236839538.688,321931706.368
400,400,60,0.3,0.3,0.3,0,0.2,0.96,0,35,3,3,7,19.507,29.394,66.237,1641.193,14473679077.376,643863412.736
400,400,60,0.3,0.3,0.3,0,0.2,0.96,0,36,3,3,7,20.638,30.18,68.217,1763.01,28947358154.752,1287726825.472
400,400,60,0.3,0.3,0.3,0,0.2,0.96,0,37,3,3,7,20.617,30.774,69.059,2044.181,57894716309.504,2575453650.944
400,400,60,0.3,0.3,0.3,0,0.2,0.96,0,38,3,3,7,21.158,31.548,70.889,2091.815,115789432619.008,5150907301.888
400,400,60,0.3,0.3,0.3,0,0.2,0.96,0,39,3,3,7,22.05,32.73,74.352,2343.579,231578865238.016,10301814603.776
400,400,60,0.3,0.3,0.3,0,0.2,0.96,0,40,3,3,7,22.694,33.515,74.999,2608.969,463157730476.032,20603629207.552
400,400,60,0.3,0.3,0.3,0,0.2,0.96,0,41,3,3,7,23.502,35.022,77.296,2831.809,926315460952.064,41207258415.104
400,400,60,0.3,0.3,0.3,0,0.2,0.96,0,42,3,3,7,24.163,35.455,79.223,2970.207,1852630921904.13,82414516830.208
400,400,60,0.3,0.3,0.3,0,0.2,0.96,0,43,3,3,7,26.803,38.261,83.406,3301.541,3705261843808.26,164829033660.416
400,400,60,0.3,0.3,0.3,0,0.2,0.96,0,44,3,3,7,25.749,37.546,83.66,3356.249,7410523687616.51,329658067320.832
400,400,60,0.3,0.3,0.3,0,0.2,0.96,0,45,3,3,7,27.094,39.847,87.152,3399.738,14821047375233,659316134641.664
400,400,60,0.3,0.3,0.3,0,0.2,0.96,0,46,3,3,7,27.511,40.267,88.091,3815.267,29642094750466,1318632269283.33
400,400,60,0.3,0.3,0.3,0,0.2,0.96,0,47,3,3,7,28.076,40.942,90.243,4158.481,59284189500932.1,2637264538566.66
400,400,60,0.3,0.3,0.3,0,0.2,0.96,0,48,3,3,7,29.65,45.609,94.535,4414.049,118568379001864,5274529077133.31
400,400,60,0.3,0.3,0.3,0,0.2,0.96,0,49,3,3,7,30.833,46.943,96.916,4578.129,237136758003728,10549058154266.6
400,400,60,0.3,0.3,0.3,0,0.2,0.96,0,50,3,3,7,32.42,48.515,99.336,4739.686,474273516007457,21098116308533.2
